36
0 0 0 0 0 0 0 0
-3.94881e-09 -0.02 0 -10 0 -30 -33 -58
-0.05 -0.04 0 -32 -11 -30 25 26
-0.05 -0.09 0 -54 -16 -30 -21 -57
-0.07 -0.13 0 -64 28 -34 24 44
-0.07 -0.13 0 -57 28 -34 -31 -42
-0.07 -0.13 0 -57 28 -34 31 21
-0.07 -0.13 0 -57 28 -34 -38 -52
-0.07 -0.13 0 -57 28 -34 47 20
-0.07 -0.13 0 -57 28 -34 -3 -30
-0.07 -0.08 0 -73 52 -14 -3 -49
-0.07 -0.06 0 -90 52 -14 -3 9
-0.07 -0.01 0 -122 79 29 -3 9
-0.07 -0.03 0 -143 79 29 -3 45
-0.07 -0.03 0 -143 79 29 -3 45
-0.07 -0.12 0 -150 111 1 -3 45
-0.07 -0.17 0 -164 83 -22 -23 45
-0.07 -0.17 0 -164 81 -4 -23 -59
-0.07 -0.17 0 -164 81 -4 -23 -59
-0.07 -0.17 0 -164 81 -4 -23 -59
-0.07 -0.19 0 -144 63 16 -23 -4
-0.07 -0.1 0 -115 45 30 -23 -4
-0.07 0.01 0 -98 54 33 23 -42
-0.07 -0.04 0 -79 41 -1 -14 24
-0.07 -0.04 0 -49 41 -39 -14 24
-0.07 -0.09 0 -54 21 -39 39 -45
-0.05 -0.05 0 -42 41 -44 -23 -10
-0.05 -0.05 0 -42 63 -44 29 53
-0.05 -0.05 0 -42 78 -44 -24 -37
-0.05 -0.05 0 -42 56 -44 37 42
-0.05 -0.05 0 -42 74 -44 -28 -40
-0.05 -0.05 0 -42 41 -44 29 23
-0.05 -0.05 0 -42 66 -44 -23 -59
-0.05 -0.05 0 -42 40 -44 19 23
-0.05 -0.05 0 -42 71 -44 -22 -43
-0.05 -0.05 0 -42 44 -44 15 14
